% global g d fM fw JA JB JM k kM l mb mw r R;
JA = 0.00010012;
JB = 0.01862;
JM = 1.1538e-05;
R = 16.696;
fM = 8.108e-06;
fw = 0.0047871;
kM = 0.0382;
l = -0.02073;
mb = 0.66855;
k   = 43.8;
r = 3.25e-2;
g = 9.8;
d = 16.5e-2;
mw = 53e-3;